function To = tfmult(T1, T2)

To = [T1(1:3,1:3)*T2(1:3,1:3), T1(1:3,4) + T1(1:3,1:3)*T2(1:3,4); 0 0 0 1];

end

